[Graphics]
SgnCNT=3
gph=4294967295,4278190080,869059788,1,1,1,0.294083493705516,20,100000,0,0,-1,DEFAULT,20,0,0,0
ui0=-1;0;0;4294901760;MCxSZWFyX0xlZnRXaW5kb3csUmVhcl9NeUVDVSwwLDE1MzYsMCwwLDAsMSwxLDAsMCwtMSwxLDAsLCwwLDAsMCwxLC0xLDAsMSwwLDEwMCwwLCwwLCws;"";1;0;0
ui1=-1;0;0;4278222592;MCxSZWFyX1JpZ2h0V2luZG93LFJlYXJfTXlFQ1UsMCwxNTM2LDAsMCwwLDEsMSwwLDEsLTEsMSwwLCwsMCwwLDAsMSwtMSwwLDEsMCwxMDAsMCwsMCwsLA__;"";1;0;0
ui2=-1;0;0;4278190335;MCxzaWdfTGFtcENudCxtc2dfTXlFQ1VfTGFtcCwwLDEyOTcsMCwwLDAsMTAwLDEsMCwwLDAsOCwwLCwsMCwwLDAsMSwtMSwwLDEwMCwwLDEwMCwwLCwwLCws;"";1;0;0
HName=Group 1
UIVis=-1,-1,-1,-1,-1,-1,0,0,0
UIWidth=80,194,194,30,96,96,96
GridHeight=710
YMax=0
SplitCount=1
TotalHeight=712
PersistentSel=1
DisplayFrameDotSgn=0
ShowSelFloatingCur=0
Heights=1;0;
UICommon=0,-1,0,0,zbzQzg__,100,376,3978653827120223959
UIFilter=
UISettings=0,2,-1,600

[CANFDTransmit]
BypassPreTx=0
MessageCnt=1
M0=2;Q0FO;bXNnX1JlY2VpdmUy;544;0;0;8;0;0,55,0,0,0,0,0,101,0,0,0,0,0,0,0,0,0,0,0,0,0,0,0,0,0,0,0,0,0,0,0,0,0,0,0,0,0,0,0,0,0,0,0,0,0,0,0,0,0,0,0,0,0,0,0,0,0,0,0,0,0,0,0,0,;;-1;0;100;0
M0S0=c2lnX1JlYXJSaWdodFdpbmRvd1Bvc2l0aW9u;0;8;1;8;0;255;1;0;0;;;6;0;0;0;0;55;12;55;12.75
M0S1=c2lnX1JlYXJMZWZ0V2luZG93UG9zaXRpb24_;0;8;1;56;0;255;1;0;0;;;6;0;0;0;0;101;12;101;12.75
SgnPnlPercent=0.289915966386555
Protocol=1
MsgVis=-1,-1,-1,-1,-1,-1,-1,-1,-1,0,0,0,0,0,0,-1,-1,-1,-1,-1,-1,-1,-1,-1
MsgPos=0,1,2,3,4,5,6,7,8,9,10,11,12,13,14,15,16,17,18,19,20,21,22,23
SgnVis=-1,-1,-1,-1,-1,-1,-1,0,0,0,-1
SgnPos=0,1,2,3,4,5,6,7,8,9,10
UICommon=0,-1,0,0,Q0FOIC8gQ0FOIEZEILeiy80_,100,392,2022684213970817549
UIFilter=

[CANFDTraceOptions]
UICommon=0,-1,0,0,Q0FOIC8gQ0FOIEZEILGozsTQxc+i,100,245,5460619579518540776
UIFilter=
UIConf=2049,-1,-1,0,0,1,1,REVGQVVMVA__
IdRemember0=544,1297,
FilterStr=
FilterIsPass=1
FilterEnabled=0
HWidth=150,120,100,38,112,50,150,80,40,40,90,40,40,1800,112,150,50,60,54,200,200
HVis=-1,0,-1,-1,-1,-1,-1,-1,-1,-1,-1,-1,-1,-1,0,0,0,0,0,0,0
